--------------------------------t 5205, size 16777216, run 0----------------------------------------------------------------------
t:5205
size:16777216
b:7807
w:3
max_loop:8388608
evictions:3791
cprg:1
runtime:2362.281678
runtime_indices:0.000063
runtime_buckets:2.078357
runtime_assignment:0.063946
--------------------------------t 5205, size 16777216, run 1----------------------------------------------------------------------
t:5205
size:16777216
b:7807
w:3
max_loop:8388608
evictions:3791
cprg:1
runtime:2370.945997
runtime_indices:0.000000
runtime_buckets:0.000000
runtime_assignment:0.064358
--------------------------------t 5205, size 16777216, run 2----------------------------------------------------------------------
t:5205
size:16777216
b:7807
w:3
max_loop:8388608
evictions:3791
cprg:1
runtime:2366.668571
runtime_indices:0.000000
runtime_buckets:0.000000
runtime_assignment:0.063663
